"1","
"
"1","[[854]]
"
